878
2347
2411
2523
3697
4283
4398
4636
5510
5575
5617
5727
6263
6327
7125
8996
9157
10469
11881
12132
12208
12700
13408
13896
14741
15813
17319
17863
18772
19484
19535
19705
19775
20638
20704
21683
25296
26206
26622
26824
27491
27572
28781
30659
31230
31803
32113
33053
35261
36870
37259
38992
39221
41459
41517
41916
42241
44527
44973
45966
46675
46879
47301
47753
48357
48508
49028
49991
52650
53250
55463
55606
55619
56224
56781
56820
57395
57422
57691
57945
58422
58847
58881
59644
59758
59787
59905
60079
61045
61105
61148
61220
61453
61465
62651
63211
63923
65607
66222
67509
67790
67805
68051
68878
69314
69753
70096
70407
71091
71725
73761
73909
74342
74729
74776
74974
75103
75219
75439
76223
76308
77089
78263
82586
83371
83668
84583
85012
85197
85904
86175
86266
86936
87158
87599
88366
88858
89483
89528
90941
90980
92003
92066
92292
93957
95682
97508
98044
98409
98454
98679
102258
102472
102552
103338
103529
103917
103920
104047
104077
104100
104292
104557
106447
106828
107206
107807
107925
109330
111154
111280
111468
114746
116439
117397
117662
117743
117880
119752
120443
120605
120728
121082
121497
121682
123601
124268
124526
125036
125890
126788
126918
127459
127518
127902
128297
128699
129623
130092
131857
132951
133182
134616
134620
135356
135788
135856
136770
137120
138862
139336
142902
143405
144592
144639
144889
144977
145398
145639
145897
146316
146675
147061
147073
148383
148788
148877
149038
149934
150693
150853
150934
151053
152132
153761
154089
154265
154656
155330
155522
157014
157180
157804
158047
158180
159199
159521
159915
160202
160267
160286
161442
162923
163375
166522
167589
169314
170356
170494
170532
171357
171362
171518
171629
172411
173264
173477
173858
174029
174146
174180
176751
177015
178912
178997
181131
181160
181286
181585
182080
182085
182661
183826
184751
185292
185349
186084
187943
188491
189402
190215
190762
193726
195244
195732
196150
196366
196514
197662
198461
198605
199099
199481
200068
201424
201507
201525
201765
201835
201946
203238
203288
204318
205175
205473
206194
206398
206678
206931
207040
207164
208726
208834
209610
210110
210543
210577
210755
211566
211628
211672
212024
213149
213979
216122
216505
217791
219010
219267
219293
220274
220863
221071
221469
222042
222958
223467
223694
223922
224049
224595
224916
225749
225890
226158
226799
228052
230839
232582
233931
234288
235175
235461
235514
236324
237107
237276
238865
239058
239378
239912
240866
241707
241961
243075
243152
243157
243687
244029
244600
244655
244802
245399
245730
245850
245994
246957
247563
247841
248008
248307
248332
248767
248779
249287
250243
251154
251461
252049
252415
254261
255303
255527
256139
256325
257158
257442
258141
258702
260724
262020
262949
265641
265957
266025
266306
268531
268987
269133
269647
269982
271142
271609
272548
274370
274969
276553
280686
281261
282470
282860
282882
283233
283264
283332
283375
283524
284104
284726
285748
285871
286047
286425
286958
286985
287337
287452
288758
288787
289037
289069
289309
290161
290321
291553
292862
293621
294772
295169
295291
295462
297142
299003
299025
299815
300142
300644
300920
301228
302471
303423
303811
303996
304745
305368
308724
310434
311626
312107
312114
312421
312752
312801
313039
314496
314883
315275
315452
315483
316249
316522
317570
317939
318194
318886
319294
320254
320380
320706
320870
321008
321465
321607
321837
322518
322663
322906
322971
323142
325084
325163
326489
326695
326802
327139
328019
328230
328586
330019
330516
330519
332524
334011
335488
335964
336502
337262
339135
339141
341561
342497
342673
342689
342936
343008
344158
344478
348053
348697
349011
349087
349388
349451
350142
351810
351847
351849
352024
352543
353613
354042
354105
355075
355257
356194
356760
356958
357301
357306
357380
357436
357666
357758
358100
358276
358721
359135
360601
361470
361525
361756
361991
362400
363496
364156
364173
365187
365536
365836
365858
366384
366678
368611
368829
369045
369466
369478
370371
370748
370875
371447
373491
373602
374027
374110
374236
374345
375207
375703
375924
376044
376090
376233
376851
376922
378073
378550
378770
379366
379929
380128
380493
380869
381270
381416
381994
382315
383477
384433
384551
385863
386864
386887
387797
389703
390241
390473
391889
392337
392769
393059
393074
394587
394961
395372
395462
396449
396570
399447
399900
401385
401713
403367
403621
403831
405381
405387
405641
405710
406012
406181
406265
407370
407584
407827
407947
408687
409211
410494
410976
411039
411750
412636
414186
414302
414700
415805
416046
416560
417791
418824
419241
419293
419323
419748
419823
422046
422281
422322
422597
423512
424171
424398
424647
424785
425168
425562
426699
427005
427036
427139
427731
428339
429826
429952
430298
430421
432215
432409
432684
433099
433382
434449
434727
435836
436329
436770
437011
437850
438779
438825
438927
438943
439824
440016
440635
441165
441199
441842
442171
443064
445463
445583
445634
446930
447322
449125
449466
452264
452955
454349
454518
454552
454682
456505
457757
458655
459527
459609
461222
461511
461660
462046
462671
462707
464307
465236
466292
466985
467598
467766
468368
469272
469383
470594
470702
471111
471441
471776
472434
472584
472981
473974
474636
475009
475026
475182
475452
476846
477421
477810
478000
478475
478577
478836
479086
479089
479330
480024
480926
481363
481959
484497
485030
485135
485485
486060
486274
487698
487738
489323
489757
490363
491016
492190
492316
493355
496246
498243
498636
499849
500729
500803
501795
501891
502067
502278
502542
503382
503939
504092
504590
505414
505563
506277
507176
507426
507461
508474
509188
510070
510734
511630
512333
512794
513490
513628
513664
514173
514292
514355
514751
514926
515113
515910
516779
517337
520103
520296
521295
521716
522025
522235
523223
523925
524519
524749
524871
525286
525493
525591
525913
527360
528166
528438
529675
529901
530343
530440
531386
531704
532565
532850
533243
534002
534295
534735
535418
536070
537325
537448
537782
537897
538823
538890
539408
539444
539749
539898
541568
541950
542244
544214
544385
548563
548902
548998
549588
549928
550827
552031
552158
552194
552682
553511
553995
554814
554874
555598
555644
556298
556587
557432
558814
559270
559314
562310
562967
563692
563776
564421
564772
564806
565292
565637
566729
566901
567543
568792
569105
570615
570738
571871
572153
572208
574358
577537
578154
578370
579244
582015
582553
582558
582591
583442
583852
584872
584981
585391
585943
586294
588661
589283
589353
589940
591461
592270
592435
592506
592767
594175
594426
595181
595462
596317
596813
597230
597316
598121
599530
600629
600770
600810
601117
601940
602548
602803
604511
605258
605837
606442
606585
607727
608302
608701
608784
609782
611251
611419
611800
612394
612976
615576
616181
616413
620032
622120
622158
622594
623357
623522
624021
